p cnf 34 95
-16 25 31 0
25 -14 33 0
-32 -33 -34 -9 0
-32 -4 -34 -33 0
25 -3 31 0
25 -12 31 0
25 34 -1 0
25 34 -2 0
25 -19 31 0
-32 -6 -34 -33 0
-32 -15 -34 -33 0
25 -3 33 0
-32 -22 -34 -33 0
-32 -34 -2 -33 0
-32 -34 -1 -33 0
-29 0
25 -4 33 0
-15 34 25 0
-32 -33 -34 -17 0
25 31 -9 0
-27 0
25 34 -18 0
25 34 -13 0
25 -1 33 0
25 -2 33 0
25 34 -21 0
25 -19 33 0
25 -10 31 0
-7 25 31 0
-32 -5 -34 -33 0
-24 0
25 34 -12 0
25 31 -17 0
25 33 -9 0
25 -11 31 0
-30 0
25 -20 33 0
25 -6 34 0
-26 0
-15 25 33 0
-32 -3 -34 -33 0
25 34 -5 0
25 -18 31 0
-32 -20 -34 -33 0
-16 25 34 0
25 33 -17 0
25 -22 34 0
25 34 -19 0
25 -5 33 0
-23 0
25 -18 33 0
25 -13 33 0
-7 25 33 0
25 34 -20 0
-16 -32 -34 -33 0
25 34 -9 0
-8 25 31 0
-32 -34 -10 -33 0
25 -13 31 0
-8 -32 -34 -33 0
25 34 -10 0
25 -14 31 0
-16 25 33 0
-32 -11 -34 -33 0
25 34 -17 0
25 34 -11 0
-32 -12 -34 -33 0
25 -6 33 0
-15 25 31 0
-8 25 33 0
25 -20 31 0
-32 -21 -34 -33 0
25 -6 31 0
25 -4 31 0
-7 34 25 0
25 -21 31 0
25 -22 33 0
-32 -34 -18 -33 0
-32 -13 -34 -33 0
-32 -7 -34 -33 0
25 34 -3 0
25 -1 31 0
25 -2 31 0
25 -21 33 0
25 -14 34 0
25 -22 31 0
25 -10 33 0
-28 0
-32 -14 -34 -33 0
-32 -19 -34 -33 0
25 -11 33 0
25 -5 31 0
25 34 -4 0
-8 25 34 0
25 -12 33 0
